bench/inc.c
n_threads; 1; 2; 4; 8; 16; 32; 64; 128; 256; 512; 1024; 
pthread; 1.83; 1.86; 1.51; 2.31; 3.13; 4.13; 4.25; 4.10; 4.97; 5.31; 4.93; 
puchkovki; 0.78; 1.03; 1.03; 3.03; 3.06; 3.04; 3.03; 3.04; 3.05; 4.02; 4.07; 
bench/io.c
n_threads; 1; 2; 4; 8; 16; 32; 64; 128; 256; 512; 1024; 
pthread; 0.49; 0.52; 0.52; 0.52; 0.52; 0.56; 0.52; 0.54; 0.57; 0.65; 0.68; 
puchkovki; 0.48; 1.03; 1.03; 1.04; 3.04; 63.02; 63.04;
 
bench/inc.c
n_threads; 1; 2; 4; 8; 16; 32; 64; 128; 256; 512; 1024; 
pthread; 1.46; 1.07; 1.81; 2.27; 3.60; 4.67; 3.77; 5.08; 5.37; 3.94; 4.51; 
bench/io.c
n_threads; 1; 2; 4; 8; 16; 32; 64; 128; 256; 512; 1024; 
pthread; 0.49; 0.59; 0.49; 0.51; 0.55; 0.57; 0.55; 0.54; 0.55; 0.63; 0.69; 
bench/ring.c
n_threads; 1; 2; 3; 4; 5; 6; 7; 8; 9; 10; 11; 12; 13; 14; 15; 16; 17; 18; 19; 20; 21; 22; 23; 24; 25; 26; 27; 28; 29; 30; 31; 32; 33; 34; 35; 36; 37; 38; 39; 40; 41; 42; 43; 44; 45; 46; 47; 48; 49; 50; 51; 52; 53; 54; 55; 56; 57; 58; 59; 60; 61; 62; 63; 64; 
pthread; 0.17; 6.65; 195.94; 603.35; 