1 1000 16.3963
2 1000 8.21957
3 1000 5.39276
4 1000 4.34258
5 1000 3.39892
6 1000 2.72848
7 1000 2.66856
8 1000 2.30523
9 1000 2.04285
10 1000 1.96267
11 1000 1.62166
12 1000 1.83358
13 1000 1.84768
14 1000 1.65977
15 1000 1.69076
16 1000 1.57178
17 1000 1.63058
18 1000 1.92272
19 1000 1.52555
20 1000 1.32336
21 1000 1.27581
22 1000 1.22487
23 1000 1.2433
24 1000 1.29186
25 1000 1.22676
26 1000 1.0968
27 1000 1.13239
28 1000 1.12455
29 1000 1.09895
30 1000 1.02376
31 1000 0.93309
32 1000 0.934665
33 1000 1.0868
34 1000 1.21526
35 1000 1.17247
36 1000 1.25378
37 1000 0.865544
38 1000 0.976347
39 1000 1.33045
40 1000 1.02846
41 1000 1.1348
42 1000 1.36468
43 1000 0.968646
44 1000 1.34695
45 1000 0.944329
46 1000 1.30452
47 1000 0.928027
48 1000 1.5348
49 1000 1.16157
