1 100 0.01658
2 100 0.00970844
3 100 0.00802501
4 100 0.00911681
5 100 0.00736863
6 100 0.00688748
7 100 0.00680162
8 100 0.00613034
9 100 0.00740671
10 100 0.00756667
11 100 0.00594655
12 100 0.00761251
13 100 0.00722874
14 100 0.00662458
15 100 0.00979931
16 100 0.00702342
17 100 0.00824986
18 100 0.00729197
19 100 0.00680604
20 100 0.00676141
21 100 0.00868513
22 100 0.00858594
23 100 0.00991937
24 100 0.00843369
25 100 0.00725873
26 100 0.0102367
27 100 0.0108143
28 100 0.00966109
29 100 0.0100126
30 100 0.00992743
31 100 0.00921881
32 100 0.00917565
33 100 0.0115503
34 100 0.0139255
35 100 0.0141334
36 100 0.0132194
37 100 0.0137552
38 100 0.0125938
39 100 0.0129002
40 100 0.012787
41 100 0.0132374
42 100 0.0138618
43 100 0.0131929
44 100 0.0130856
45 100 0.0125249
46 100 0.0121023
47 100 0.0121985
48 100 0.0131483
49 100 0.012136
