16 1 0.00390848
16 2 0.00349433
16 3 0.0035848
16 4 0.00362572
16 5 0.00372622
16 6 0.00349969
16 7 0.00309628
16 8 0.00382084
16 9 0.00444793
16 10 0.00327378
16 11 0.00348365
16 12 0.00349288
16 13 0.00373541
16 14 0.00339397
16 15 0.00361942
16 16 0.00370949
16 17 0.00371567
16 18 0.00352056
16 19 0.00344669
16 20 0.00376038
16 21 0.00392316
16 22 0.00340512
16 23 0.00324042
16 24 0.00331296
16 25 0.00411573
16 26 0.00339154
16 27 0.00391517
16 28 0.00374093
16 29 0.00369391
16 30 0.00379146
16 31 0.00355834
16 32 0.00455119
16 33 0.00508166
16 34 0.00448297
16 35 0.00365151
16 36 0.00484509
16 37 0.0049873
16 38 0.00474766
16 39 0.00509388
16 40 0.0048175
16 41 0.00505604
16 42 0.00480168
16 43 0.00553915
16 44 0.00487134
16 45 0.00486612
16 46 0.00542422
16 47 0.00524293
16 48 0.00429518
16 49 0.00479725
16 50 0.00473725
16 51 0.0050626
16 52 0.00515402
16 53 0.00528451
16 54 0.00541384
16 55 0.00601848
16 56 0.00519519
16 57 0.00510968
16 58 0.00578719
16 59 0.00579557
16 60 0.00553479
16 61 0.00560177
16 62 0.00592074
16 63 0.00526754
16 64 0.00553438
16 65 0.00526371
16 66 0.00486317
16 67 0.00510563
16 68 0.00543372
16 69 0.00491413
16 70 0.00559565
16 71 0.00588894
16 72 0.00505686
16 73 0.0054747
16 74 0.00649426
16 75 0.00606744
16 76 0.00680867
16 77 0.0066196
16 78 0.00624494
16 79 0.00662027
16 80 0.00519543
16 81 0.00580041
16 82 0.00560388
16 83 0.00597555
16 84 0.00564802
16 85 0.0062925
16 86 0.0058363
16 87 0.00678713
16 88 0.00674834
16 89 0.00646221
16 90 0.00737879
16 91 0.00717197
16 92 0.00695757
16 93 0.00834815
16 94 0.00718013
16 95 0.00800076
16 96 0.00649009
16 97 0.00671734
16 98 0.00651705
16 99 0.00696473
16 100 0.00734468
16 101 0.00723633
16 102 0.00738052
16 103 0.00798932
16 104 0.0072097
16 105 0.00774723
16 106 0.00862513
16 107 0.00903992
16 108 0.00928654
16 109 0.00963105
16 110 0.00995983
16 111 0.0102242
16 112 0.00739029
16 113 0.00790824
16 114 0.00741671
16 115 0.00837665
16 116 0.00819415
16 117 0.00935326
16 118 0.00899432
16 119 0.00963535
16 120 0.0100314
16 121 0.0102982
16 122 0.00980225
16 123 0.0109284
16 124 0.0110557
16 125 0.0121831
16 126 0.0115461
16 127 0.0119092
16 128 0.00897588
16 129 0.00942858
16 130 0.00907703
16 131 0.0102188
16 132 0.0102042
16 133 0.0103009
16 134 0.0103654
16 135 0.0114119
16 136 0.0113091
16 137 0.0213297
16 138 0.0122274
16 139 0.0134923
16 140 0.0143348
16 141 0.0143923
16 142 0.0151293
16 143 0.0153676
16 144 0.00899739
16 145 0.0101754
16 146 0.0103331
16 147 0.0109302
16 148 0.0112957
16 149 0.0123688
16 150 0.0164974
16 151 0.0135368
16 152 0.0140567
16 153 0.0141304
16 154 0.0155517
16 155 0.0132935
16 156 0.0176423
16 157 0.0171486
16 158 0.017817
16 159 0.0191832
16 160 0.0117937
16 161 0.0121854
16 162 0.011794
16 163 0.0117762
16 164 0.0139208
16 165 0.0137014
16 166 0.01527
16 167 0.0129509
16 168 0.0170123
16 169 0.0172302
16 170 0.0180317
16 171 0.0173788
16 172 0.0195436
16 173 0.0177695
16 174 0.0185441
16 175 0.0221863
16 176 0.0154691
16 177 0.0141686
16 178 0.0147227
16 179 0.0157502
16 180 0.0167218
16 181 0.0172436
16 182 0.0176782
16 183 0.0197656
16 184 0.0171555
16 185 0.0211175
16 186 0.0221701
16 187 0.0239088
16 188 0.0235063
16 189 0.0228018
16 190 0.0249837
16 191 0.0249763
16 192 0.0183
16 193 0.0186178
16 194 0.0204443
16 195 0.0189223
16 196 0.0189897
16 197 0.0210792
16 198 0.0196248
16 199 0.02146
16 200 0.0237336
16 201 0.0244011
16 202 0.0259289
16 203 0.0208936
16 204 0.0286132
16 205 0.0294658
16 206 0.0300519
16 207 0.0317513
16 208 0.0226592
16 209 0.022891
16 210 0.0231655
16 211 0.0236786
16 212 0.0249118
16 213 0.0233637
16 214 0.0248447
16 215 0.0262515
16 216 0.0278369
16 217 0.028988
16 218 0.0308643
16 219 0.0327802
16 220 0.0330674
16 221 0.0349694
16 222 0.0359586
16 223 0.0380524
16 224 0.0272563
16 225 0.0286412
16 226 0.0288826
16 227 0.0292229
16 228 0.0289337
16 229 0.0298334
16 230 0.0359359
16 231 0.0357307
16 232 0.0329248
16 233 0.0289628
16 234 0.0321166
16 235 0.0365635
16 236 0.0382902
16 237 0.0406518
16 238 0.0407758
16 239 0.0425253
16 240 0.0337978
16 241 0.0342126
16 242 0.0340238
16 243 0.0341677
16 244 0.0353297
16 245 0.0349402
16 246 0.035792
16 247 0.035699
16 248 0.0376068
16 249 0.0397413
16 250 0.0411629
16 251 0.0423214
16 252 0.0458134
16 253 0.0464943
16 254 0.0497695
16 255 0.0489915
16 256 0.0402026
16 257 0.040831
16 258 0.0378514
16 259 0.0391009
16 260 0.0417633
16 261 0.0416355
16 262 0.0415479
16 263 0.0430139
16 264 0.0421273
16 265 0.0433284
16 266 0.0469818
16 267 0.0490727
16 268 0.0532101
16 269 0.0558227
16 270 0.051939
16 271 0.0558513
16 272 0.0449305
16 273 0.0448473
16 274 0.0474457
16 275 0.0452476
16 276 0.0453154
16 277 0.0456917
16 278 0.0461278
16 279 0.0464357
16 280 0.0504002
16 281 0.0472656
16 282 0.0562926
16 283 0.0563747
16 284 0.0585874
16 285 0.0600696
16 286 0.0740439
16 287 0.0650247
16 288 0.0548886
16 289 0.0554277
16 290 0.0555111
16 291 0.0566746
16 292 0.0566478
16 293 0.0570652
16 294 0.0566294
16 295 0.0583793
16 296 0.0602886
16 297 0.059604
16 298 0.0630941
16 299 0.0691193
16 300 0.0653488
16 301 0.0544055
16 302 0.0698022
16 303 0.0718507
16 304 0.0643884
16 305 0.065057
16 306 0.0660751
16 307 0.0683395
16 308 0.0657822
16 309 0.0696604
16 310 0.0699755
16 311 0.0684169
16 312 0.0685567
16 313 0.070366
16 314 0.0638446
16 315 0.0744771
16 316 0.0767563
16 317 0.074698
16 318 0.0807213
16 319 0.0881044
16 320 0.0724035
16 321 0.0754064
16 322 0.0765593
16 323 0.0784647
16 324 0.0716226
16 325 0.0844525
16 326 0.0786336
16 327 0.0780286
16 328 0.0860427
16 329 0.0821082
16 330 0.0783005
16 331 0.0807317
16 332 0.0835907
16 333 0.091051
16 334 0.0942767
16 335 0.09779
16 336 0.0844296
16 337 0.0877858
16 338 0.0775812
16 339 0.0756495
16 340 0.0753731
16 341 0.0783418
16 342 0.0872174
16 343 0.0935627
16 344 0.0891646
16 345 0.102724
16 346 0.0794814
16 347 0.0921313
16 348 0.0829613
16 349 0.0904905
16 350 0.1024
16 351 0.107725
16 352 0.0856758
16 353 0.0979536
16 354 0.0949192
16 355 0.0998779
16 356 0.0897206
16 357 0.102481
16 358 0.0904062
16 359 0.0919652
16 360 0.0922265
16 361 0.105563
16 362 0.111774
16 363 0.127792
16 364 0.122741
16 365 0.105665
16 366 0.102815
16 367 0.115215
16 368 0.0963114
16 369 0.103781
16 370 0.102448
16 371 0.0994576
16 372 0.101169
16 373 0.0988664
16 374 0.100409
16 375 0.104851
16 376 0.108532
16 377 0.1228
16 378 0.114123
16 379 0.114677
16 380 0.12056
16 381 0.112382
16 382 0.129862
16 383 0.138737
16 384 0.0975098
16 385 0.112439
16 386 0.110509
16 387 0.120553
16 388 0.113817
16 389 0.124904
16 390 0.113651
16 391 0.103719
16 392 0.105511
16 393 0.116618
16 394 0.12232
16 395 0.122467
16 396 0.113124
16 397 0.118131
16 398 0.123804
16 399 0.142299
16 400 0.124306
16 401 0.125247
16 402 0.141528
16 403 0.122875
16 404 0.137066
16 405 0.115944
16 406 0.143395
16 407 0.138176
16 408 0.12239
16 409 0.138462
16 410 0.150982
16 411 0.142127
16 412 0.152393
16 413 0.151256
16 414 0.16663
16 415 0.175796
16 416 0.136339
16 417 0.14289
16 418 0.139592
16 419 0.148704
16 420 0.142371
16 421 0.143468
16 422 0.140157
16 423 0.144666
16 424 0.143088
16 425 0.146211
16 426 0.150298
16 427 0.17259
16 428 0.168518
16 429 0.176032
16 430 0.17465
16 431 0.172765
16 432 0.154981
16 433 0.156379
16 434 0.157696
16 435 0.16185
16 436 0.158448
16 437 0.157437
16 438 0.158804
16 439 0.160309
16 440 0.169203
16 441 0.188897
16 442 0.193082
16 443 0.195145
16 444 0.199735
16 445 0.177796
16 446 0.208632
16 447 0.159808
16 448 0.180155
16 449 0.176293
16 450 0.173945
16 451 0.17468
16 452 0.199713
16 453 0.193523
16 454 0.194818
16 455 0.177779
16 456 0.18604
16 457 0.193714
16 458 0.190108
16 459 0.180773
16 460 0.220609
16 461 0.211846
16 462 0.203115
16 463 0.214333
16 464 0.189002
16 465 0.193343
16 466 0.197498
16 467 0.183317
16 468 0.201654
16 469 0.196983
16 470 0.209796
16 471 0.199005
16 472 0.221594
16 473 0.197044
16 474 0.201801
16 475 0.228101
16 476 0.208465
16 477 0.225343
16 478 0.189101
16 479 0.227076
16 480 0.21719
16 481 0.213155
16 482 0.222479
16 483 0.223726
16 484 0.213078
16 485 0.213242
16 486 0.225001
16 487 0.215656
16 488 0.202693
16 489 0.223068
16 490 0.220896
16 491 0.21518
16 492 0.235055
16 493 0.220876
16 494 0.238217
16 495 0.216897
16 496 0.224399
16 497 0.207297
16 498 0.205045
16 499 0.206327
