1 1 0.00061962
1 2 0.00057391
1 3 0.000609689
1 4 0.00059023
1 5 0.000626849
1 6 0.00062864
1 7 0.000629319
1 8 0.00071547
1 9 0.000806319
1 10 0.000707839
1 11 0.00066768
1 12 0.00071085
1 13 0.000688719
1 14 0.00072656
1 15 0.00072489
1 16 0.00079264
1 17 0.00079086
1 18 0.000759779
1 19 0.00078343
1 20 0.00082574
1 21 0.000847359
1 22 0.00087394
1 23 0.000841459
1 24 0.000903179
1 25 0.000950729
1 26 0.000949889
1 27 0.00097661
1 28 0.00106769
1 29 0.00118254
1 30 0.00112558
1 31 0.00120432
1 32 0.00129715
1 33 0.00133765
1 34 0.00136467
1 35 0.00148868
1 36 0.00159101
1 37 0.0015892
1 38 0.00165719
1 39 0.00175785
1 40 0.00195049
1 41 0.00195269
1 42 0.00209458
1 43 0.00216351
1 44 0.00224636
1 45 0.00238522
1 46 0.00244664
1 47 0.00261569
1 48 0.00274122
1 49 0.00280512
1 50 0.00290379
1 51 0.00305087
1 52 0.00319382
1 53 0.00332845
1 54 0.00344664
1 55 0.00367402
1 56 0.00386506
1 57 0.00395523
1 58 0.0042728
1 59 0.00434407
1 60 0.0048687
1 61 0.00471234
1 62 0.00482687
1 63 0.00499385
1 64 0.00544569
1 65 0.00549113
1 66 0.00574785
1 67 0.00602282
1 68 0.00620636
1 69 0.00636498
1 70 0.00670874
1 71 0.00693855
1 72 0.00738581
1 73 0.00753077
1 74 0.00803697
1 75 0.00797072
1 76 0.00836043
1 77 0.00856918
1 78 0.00871759
1 79 0.0090644
1 80 0.00946827
1 81 0.00967637
1 82 0.0102702
1 83 0.0103168
1 84 0.0108194
1 85 0.0112142
1 86 0.0115985
1 87 0.0120544
1 88 0.0121681
1 89 0.0126656
1 90 0.0131484
1 91 0.0136256
1 92 0.0139678
1 93 0.0143448
1 94 0.014684
1 95 0.0152511
1 96 0.0157907
1 97 0.0162124
1 98 0.0166978
1 99 0.0173174
1 100 0.0175812
1 101 0.0181032
1 102 0.0186943
1 103 0.0200702
1 104 0.0196948
1 105 0.0203049
1 106 0.0208884
1 107 0.021379
1 108 0.0218498
1 109 0.0231926
1 110 0.0238394
1 111 0.025449
1 112 0.024206
1 113 0.0252759
1 114 0.0265562
1 115 0.0271125
1 116 0.0276269
1 117 0.0281883
1 118 0.0290737
1 119 0.0296077
1 120 0.0304214
1 121 0.0292039
1 122 0.0295237
1 123 0.0330202
1 124 0.0339742
1 125 0.0323697
1 126 0.0347734
1 127 0.0330299
1 128 0.0335696
1 129 0.0357977
1 130 0.0350221
1 131 0.0360622
1 132 0.0371082
1 133 0.0385977
1 134 0.0388224
1 135 0.0398504
1 136 0.041033
1 137 0.0418643
1 138 0.0464976
1 139 0.0435083
1 140 0.0493451
1 141 0.0447148
1 142 0.0500131
1 143 0.0474138
1 144 0.0520586
1 145 0.0532982
1 146 0.0542114
1 147 0.0556938
1 148 0.0516779
1 149 0.053555
1 150 0.0538571
1 151 0.0597713
1 152 0.0609618
1 153 0.0584175
1 154 0.0589926
1 155 0.0650162
1 156 0.0661228
1 157 0.0671048
1 158 0.068348
1 159 0.0694956
1 160 0.0653126
1 161 0.0732322
1 162 0.0736353
1 163 0.0683977
1 164 0.0767702
1 165 0.0782069
1 166 0.0729516
1 167 0.0768764
1 168 0.0754889
1 169 0.0764703
1 170 0.0818853
1 171 0.0790563
1 172 0.083991
1 173 0.0848683
1 174 0.0843109
1 175 0.0896355
1 176 0.0859972
1 177 0.0875687
1 178 0.0891118
1 179 0.0994855
1 180 0.0926926
1 181 0.102511
1 182 0.101537
1 183 0.0983033
1 184 0.102209
1 185 0.105207
1 186 0.107159
1 187 0.103185
1 188 0.104924
1 189 0.106522
1 190 0.11159
1 191 0.110058
1 192 0.112414
1 193 0.114019
1 194 0.116202
1 195 0.120164
1 196 0.122439
1 197 0.126705
1 198 0.122691
1 199 0.124357
1 200 0.126661
1 201 0.127518
1 202 0.146706
1 203 0.132197
1 204 0.132886
1 205 0.139222
1 206 0.149751
1 207 0.138854
1 208 0.142426
1 209 0.144327
1 210 0.157108
1 211 0.153653
1 212 0.15545
1 213 0.151616
1 214 0.168587
1 215 0.162307
1 216 0.158947
1 217 0.166234
1 218 0.167802
1 219 0.166465
1 220 0.168575
1 221 0.170437
1 222 0.178348
1 223 0.176694
1 224 0.178061
1 225 0.178688
1 226 0.205453
1 227 0.188547
1 228 0.185278
1 229 0.20093
1 230 0.199039
1 231 0.209969
1 232 0.2001
1 233 0.198698
1 234 0.204584
1 235 0.224322
1 236 0.225105
1 237 0.227658
1 238 0.232393
1 239 0.213535
1 240 0.224561
1 241 0.242956
1 242 0.242631
1 243 0.23472
1 244 0.235883
1 245 0.25306
1 246 0.248231
1 247 0.253441
1 248 0.260267
1 249 0.254803
1 250 0.271178
1 251 0.271005
1 252 0.265071
1 253 0.275982
1 254 0.272345
1 255 0.276905
1 256 0.278638
1 257 0.272926
1 258 0.276927
1 259 0.279353
1 260 0.282124
1 261 0.279315
1 262 0.292845
1 263 0.294757
1 264 0.290744
1 265 0.303533
1 266 0.300434
1 267 0.308212
1 268 0.301732
1 269 0.308183
1 270 0.315038
1 271 0.326237
1 272 0.319932
1 273 0.335303
1 274 0.335196
1 275 0.323952
1 276 0.328359
1 277 0.339637
1 278 0.342387
1 279 0.349075
1 280 0.342332
1 281 0.356883
1 282 0.361554
1 283 0.396609
1 284 0.357475
1 285 0.367873
1 286 0.377799
1 287 0.379435
1 288 0.37485
1 289 0.377065
1 290 0.409293
1 291 0.389134
1 292 0.398287
1 293 0.399526
1 294 0.407655
1 295 0.399658
1 296 0.408193
1 297 0.409501
1 298 0.412068
1 299 0.419421
1 300 0.425664
1 301 0.434637
1 302 0.462871
1 303 0.468492
1 304 0.46375
1 305 0.491031
1 306 0.476445
1 307 0.496314
1 308 0.478712
1 309 0.505707
1 310 0.470058
1 311 0.511893
1 312 0.485528
1 313 0.481651
1 314 0.48692
1 315 0.489599
1 316 0.509918
1 317 0.512483
1 318 0.501594
1 319 0.515206
1 320 0.523505
1 321 0.531802
1 322 0.52478
1 323 0.530275
1 324 0.529307
1 325 0.550031
1 326 0.929734
1 327 0.59388
1 328 0.551676
1 329 0.57263
1 330 0.579107
1 331 0.573168
1 332 0.606946
1 333 0.588997
1 334 0.584095
1 335 0.596729
1 336 0.599966
1 337 0.647801
1 338 0.640059
1 339 0.651715
1 340 0.645508
1 341 0.655785
1 342 0.664784
1 343 0.67839
1 344 0.655602
1 345 0.642235
1 346 0.704797
1 347 0.653232
1 348 0.659768
1 349 0.681254
1 350 0.688018
1 351 0.731895
1 352 0.705955
1 353 0.688832
1 354 0.724828
1 355 0.691379
1 356 0.719074
1 357 0.722731
1 358 0.73228
1 359 0.722497
1 360 0.737083
1 361 0.736868
1 362 0.759787
1 363 0.746254
1 364 0.755512
1 365 0.805599
1 366 0.81631
1 367 0.807889
1 368 0.8354
1 369 0.843756
1 370 0.817425
1 371 0.814984
1 372 0.813534
1 373 0.829986
1 374 0.844571
1 375 0.841161
1 376 0.843186
1 377 0.856848
1 378 0.845068
1 379 0.853722
1 380 0.858256
1 381 0.861929
1 382 0.881986
1 383 0.894263
1 384 0.881928
1 385 0.908051
1 386 0.903763
1 387 0.940071
1 388 0.951859
1 389 0.994708
1 390 1.00392
1 391 0.943748
1 392 0.958483
1 393 0.956314
1 394 0.972974
1 395 0.973545
1 396 1.04056
1 397 1.00829
1 398 1.00648
1 399 1.00753
1 400 1.00716
1 401 1.04367
1 402 1.01901
1 403 1.03367
1 404 1.04005
1 405 1.13437
1 406 1.1215
1 407 1.10626
1 408 1.12945
1 409 1.13897
1 410 1.07121
1 411 1.10253
1 412 1.08544
1 413 1.17449
1 414 1.19745
1 415 1.11619
1 416 1.21695
1 417 1.18142
1 418 1.13177
1 419 1.18239
1 420 1.15276
1 421 1.3731
1 422 1.19424
1 423 1.2056
1 424 1.25414
1 425 1.25875
1 426 1.26523
1 427 1.23764
1 428 1.2857
1 429 1.23053
1 430 1.25026
1 431 1.24669
1 432 1.30891
1 433 1.27175
1 434 1.31809
1 435 1.31592
1 436 1.30835
1 437 1.31391
1 438 1.32803
1 439 1.38514
1 440 1.39021
1 441 1.39212
1 442 1.356
1 443 1.36167
1 444 1.38735
1 445 1.39849
1 446 1.41542
1 447 1.39792
1 448 1.42173
1 449 1.45098
1 450 1.43624
1 451 1.42887
1 452 1.45189
1 453 1.52471
1 454 1.53125
1 455 1.51872
1 456 1.50768
1 457 1.50305
1 458 1.51871
1 459 1.53293
1 460 1.66565
1 461 1.52874
1 462 1.52294
1 463 1.54308
1 464 1.57157
1 465 1.58529
1 466 1.64449
1 467 1.66878
1 468 1.73468
1 469 1.63245
1 470 1.68026
1 471 1.65607
1 472 1.64821
1 473 1.65725
1 474 1.68471
1 475 1.70263
1 476 1.72832
1 477 1.72931
1 478 1.82862
1 479 1.76848
1 480 1.82676
1 481 1.74765
1 482 1.76875
1 483 1.76894
1 484 1.79464
1 485 2.26389
1 486 1.8584
1 487 1.82205
1 488 1.9523
1 489 1.94687
1 490 1.95641
1 491 1.85853
1 492 1.98403
1 493 1.86988
1 494 1.87495
1 495 1.89779
1 496 1.92716
1 497 1.93081
1 498 1.97129
1 499 2.029
