4 1 0.00148516
4 2 0.00138439
4 3 0.00124598
4 4 0.00115197
4 5 0.00126551
4 6 0.00134087
4 7 0.00127428
4 8 0.00137847
4 9 0.00128224
4 10 0.00127509
4 11 0.00128828
4 12 0.0013252
4 13 0.00129311
4 14 0.00131424
4 15 0.00128443
4 16 0.00120825
4 17 0.00129419
4 18 0.00125966
4 19 0.00128525
4 20 0.00136262
4 21 0.00134061
4 22 0.00155322
4 23 0.00141959
4 24 0.00171214
4 25 0.00156551
4 26 0.00174922
4 27 0.00174855
4 28 0.0016136
4 29 0.00185622
4 30 0.00179558
4 31 0.00190783
4 32 0.00180984
4 33 0.00173741
4 34 0.00185878
4 35 0.00169488
4 36 0.0020025
4 37 0.00169241
4 38 0.00184834
4 39 0.00173835
4 40 0.00171121
4 41 0.00202419
4 42 0.00207749
4 43 0.00257262
4 44 0.00202877
4 45 0.00219813
4 46 0.00221564
4 47 0.00225866
4 48 0.00211797
4 49 0.00213142
4 50 0.00222704
4 51 0.00233543
4 52 0.00228269
4 53 0.00228561
4 54 0.00247684
4 55 0.00245339
4 56 0.00226803
4 57 0.00240443
4 58 0.00241706
4 59 0.00269873
4 60 0.00237009
4 61 0.00256968
4 62 0.00267588
4 63 0.00280784
4 64 0.00280746
4 65 0.00288448
4 66 0.00301806
4 67 0.0031934
4 68 0.00293588
4 69 0.00336498
4 70 0.00343735
4 71 0.00425354
4 72 0.00410986
4 73 0.0042929
4 74 0.0043959
4 75 0.0039479
4 76 0.00369578
4 77 0.00381664
4 78 0.00432443
4 79 0.00419264
4 80 0.00392963
4 81 0.00407802
4 82 0.0043123
4 83 0.00452752
4 84 0.00429267
4 85 0.00574306
4 86 0.00473971
4 87 0.00493282
4 88 0.00479761
4 89 0.00648638
4 90 0.00640157
4 91 0.00530194
4 92 0.00538012
4 93 0.00522368
4 94 0.00556476
4 95 0.00558011
4 96 0.00563867
4 97 0.00588089
4 98 0.00621217
4 99 0.00648725
4 100 0.00639387
4 101 0.00648356
4 102 0.006742
4 103 0.00682405
4 104 0.00671064
4 105 0.00982108
4 106 0.00707909
4 107 0.00766969
4 108 0.00715296
4 109 0.00728989
4 110 0.0079637
4 111 0.00808061
4 112 0.00778502
4 113 0.0141316
4 114 0.00815401
4 115 0.00887823
4 116 0.00839306
4 117 0.00911528
4 118 0.0088313
4 119 0.00990456
4 120 0.0152364
4 121 0.00934635
4 122 0.00962688
4 123 0.0102251
4 124 0.0100229
4 125 0.0101797
4 126 0.0105449
4 127 0.0114344
4 128 0.0179488
4 129 0.0170237
4 130 0.011365
4 131 0.0116255
4 132 0.0116627
4 133 0.0170681
4 134 0.0121411
4 135 0.0123459
4 136 0.0126217
4 137 0.0131823
4 138 0.0137687
4 139 0.0140456
4 140 0.0135647
4 141 0.0146615
4 142 0.0148955
4 143 0.0153288
4 144 0.0155817
4 145 0.0148794
4 146 0.0236451
4 147 0.0155767
4 148 0.0160839
4 149 0.0153279
4 150 0.0170535
4 151 0.0166103
4 152 0.0171162
4 153 0.0169689
4 154 0.0181919
4 155 0.0178989
4 156 0.0184039
4 157 0.01949
4 158 0.0191676
4 159 0.0219277
4 160 0.0193197
4 161 0.0198729
4 162 0.0224416
4 163 0.0203159
4 164 0.0204043
4 165 0.0275637
4 166 0.0213591
4 167 0.0213377
4 168 0.0224929
4 169 0.0219554
4 170 0.0222949
4 171 0.0226583
4 172 0.0232268
4 173 0.0234698
4 174 0.0243083
4 175 0.0300806
4 176 0.025363
4 177 0.0272852
4 178 0.025804
4 179 0.0269387
4 180 0.0293035
4 181 0.0278388
4 182 0.0271513
4 183 0.0279283
4 184 0.0300852
4 185 0.0352248
4 186 0.029075
4 187 0.0294004
4 188 0.0293474
4 189 0.029392
4 190 0.0312785
4 191 0.0315043
4 192 0.030936
4 193 0.0369187
4 194 0.0352682
4 195 0.0340787
4 196 0.0357865
4 197 0.0358145
4 198 0.0435894
4 199 0.0350162
4 200 0.0384719
4 201 0.0391315
4 202 0.0398329
4 203 0.0416238
4 204 0.0456005
4 205 0.0406107
4 206 0.0412975
4 207 0.0428938
4 208 0.0421423
4 209 0.0445787
4 210 0.0440267
4 211 0.0456106
4 212 0.0447938
4 213 0.045189
4 214 0.0469536
4 215 0.0485072
4 216 0.0466246
4 217 0.0478346
4 218 0.0473649
4 219 0.050305
4 220 0.0521239
4 221 0.049254
4 222 0.0498023
4 223 0.0482898
4 224 0.0488841
4 225 0.0524196
4 226 0.0514784
4 227 0.052349
4 228 0.0540768
4 229 0.0504775
4 230 0.0536119
4 231 0.0540015
4 232 0.0535591
4 233 0.0899836
4 234 0.0564502
4 235 0.0559635
4 236 0.0571643
4 237 0.0593559
4 238 0.0631657
4 239 0.0682487
4 240 0.0619072
4 241 0.0623922
4 242 0.063123
4 243 0.0637198
4 244 0.0629701
4 245 0.0662365
4 246 0.0660312
4 247 0.0772895
4 248 0.0805159
4 249 0.0744
4 250 0.0714768
4 251 0.0736555
4 252 0.0708131
4 253 0.071653
4 254 0.0726018
4 255 0.0740225
4 256 0.0829783
4 257 0.0753095
4 258 0.11272
4 259 0.0769463
4 260 0.0781918
4 261 0.0787932
4 262 0.0856874
4 263 0.0800586
4 264 0.0894949
4 265 0.0842649
4 266 0.0868169
4 267 0.0910572
4 268 0.0889433
4 269 0.0850929
4 270 0.100638
4 271 0.0891511
4 272 0.0965203
4 273 0.095371
4 274 0.0941813
4 275 0.0995191
4 276 0.097197
4 277 0.0969513
4 278 0.0909149
4 279 0.0964257
4 280 0.0906315
4 281 0.0932768
4 282 0.0935688
4 283 0.0994156
4 284 0.0974033
4 285 0.171134
4 286 0.129521
4 287 0.10871
4 288 0.174713
4 289 0.110598
4 290 0.121482
4 291 0.109305
4 292 0.11049
4 293 0.115734
4 294 0.164548
4 295 0.117196
4 296 0.119031
4 297 0.119753
4 298 0.144833
4 299 0.126632
4 300 0.121904
4 301 0.123561
4 302 0.124659
4 303 0.127962
4 304 0.127379
4 305 0.128077
4 306 0.12923
4 307 0.135803
4 308 0.133352
4 309 0.134397
4 310 0.135425
4 311 0.13731
4 312 0.133579
4 313 0.136591
4 314 0.138233
4 315 0.189922
4 316 0.186638
4 317 0.189397
4 318 0.255239
4 319 0.156314
4 320 0.145241
4 321 0.153104
4 322 0.15327
4 323 0.146591
4 324 0.145258
4 325 0.150827
4 326 0.149689
4 327 0.151979
4 328 0.179804
4 329 0.150888
4 330 0.170096
4 331 0.157854
4 332 0.162434
4 333 0.156995
4 334 0.170346
4 335 0.163773
4 336 0.163027
4 337 0.167027
4 338 0.16374
4 339 0.163796
4 340 0.185728
4 341 0.161625
4 342 0.163441
4 343 0.167021
4 344 0.163691
4 345 0.165302
4 346 0.172484
4 347 0.17314
4 348 0.170951
4 349 0.172079
4 350 0.174732
4 351 0.178069
4 352 0.180196
4 353 0.179442
4 354 0.181675
4 355 0.185084
4 356 0.182469
4 357 0.187163
4 358 0.186202
4 359 0.191974
4 360 0.187482
4 361 0.19137
4 362 0.19394
4 363 0.195392
4 364 0.19294
4 365 0.200367
4 366 0.225109
4 367 0.206029
4 368 0.219734
4 369 0.217288
4 370 0.210155
4 371 0.261608
4 372 0.323871
4 373 0.362697
4 374 0.298506
4 375 0.254845
4 376 0.243254
4 377 0.391587
4 378 0.395537
4 379 0.231159
4 380 0.249465
4 381 0.241879
4 382 0.243977
4 383 0.250717
4 384 0.236992
4 385 0.244596
4 386 0.249165
4 387 0.318619
4 388 0.237919
4 389 0.243838
4 390 0.252533
4 391 0.248619
4 392 0.264325
4 393 0.264436
4 394 0.251055
4 395 0.264446
4 396 0.258183
4 397 0.256251
4 398 0.256963
4 399 0.27291
4 400 0.287083
4 401 0.261843
4 402 0.272329
4 403 0.277767
4 404 0.286568
4 405 0.291045
4 406 0.289412
4 407 0.291915
4 408 0.308708
4 409 0.311748
4 410 0.308366
4 411 0.300144
4 412 0.304186
4 413 0.387918
4 414 0.414265
4 415 0.309344
4 416 0.318207
4 417 0.314104
4 418 0.327466
4 419 0.328151
4 420 0.318685
4 421 0.322229
4 422 0.329941
4 423 0.31622
4 424 0.308317
4 425 0.335133
4 426 0.322476
4 427 0.344758
4 428 0.327126
4 429 0.335301
4 430 0.335616
4 431 0.346669
4 432 0.345925
4 433 0.328213
4 434 0.346563
4 435 0.334704
4 436 0.355322
4 437 0.488281
4 438 0.431089
4 439 0.373992
4 440 0.349784
4 441 0.352501
4 442 0.351403
4 443 0.376208
4 444 0.382082
4 445 0.37802
4 446 0.380049
4 447 0.380701
4 448 0.390005
4 449 0.401878
4 450 0.398679
4 451 0.392334
4 452 0.387567
4 453 0.410162
4 454 0.416653
4 455 0.383681
4 456 0.378383
4 457 0.413532
4 458 0.404663
4 459 0.449407
4 460 0.437624
4 461 0.456155
4 462 0.423358
4 463 0.443359
4 464 0.438707
4 465 0.435283
4 466 0.43875
4 467 0.436686
4 468 0.44075
4 469 0.42696
4 470 0.419857
4 471 0.421243
4 472 0.428204
4 473 0.460503
4 474 0.436811
4 475 0.438665
4 476 0.656767
4 477 0.4755
4 478 0.47003
4 479 0.525163
4 480 0.451945
4 481 0.451181
4 482 0.461101
4 483 0.475456
4 484 0.465148
4 485 0.657452
4 486 0.4765
4 487 0.468821
4 488 0.485186
4 489 0.490756
4 490 0.485532
4 491 0.479276
4 492 0.540251
4 493 0.512679
4 494 0.498119
4 495 0.515704
4 496 0.509656
4 497 0.52605
4 498 0.590218
4 499 0.54481
