8 1 0.00243403
8 2 0.00272815
8 3 0.00256947
8 4 0.00226102
8 5 0.00247918
8 6 0.00220091
8 7 0.00224801
8 8 0.00211701
8 9 0.00236582
8 10 0.00208199
8 11 0.00210894
8 12 0.00221802
8 13 0.00216102
8 14 0.00275052
8 15 0.00231045
8 16 0.00242566
8 17 0.00210644
8 18 0.00172773
8 19 0.00214334
8 20 0.00257944
8 21 0.00241502
8 22 0.00231143
8 23 0.00208764
8 24 0.00258543
8 25 0.00215909
8 26 0.00279834
8 27 0.00222016
8 28 0.00297102
8 29 0.00341201
8 30 0.0034133
8 31 0.00308038
8 32 0.00321807
8 33 0.00256107
8 34 0.00287353
8 35 0.00273419
8 36 0.0029999
8 37 0.00314612
8 38 0.00366778
8 39 0.00301217
8 40 0.00315931
8 41 0.00355221
8 42 0.00340908
8 43 0.00752898
8 44 0.00308013
8 45 0.00324186
8 46 0.00339457
8 47 0.00347769
8 48 0.00317931
8 49 0.00333451
8 50 0.00336573
8 51 0.00317849
8 52 0.00314917
8 53 0.00309855
8 54 0.00320755
8 55 0.00351258
8 56 0.0035474
8 57 0.00381367
8 58 0.00312529
8 59 0.00356525
8 60 0.00421617
8 61 0.00394703
8 62 0.00385972
8 63 0.00410261
8 64 0.00486004
8 65 0.0041154
8 66 0.00385834
8 67 0.00413778
8 68 0.00400811
8 69 0.00384663
8 70 0.0036226
8 71 0.00471688
8 72 0.00430956
8 73 0.00425398
8 74 0.00378063
8 75 0.00527692
8 76 0.00457321
8 77 0.00436293
8 78 0.0041517
8 79 0.00461914
8 80 0.00444932
8 81 0.00495244
8 82 0.00418549
8 83 0.00407642
8 84 0.00482353
8 85 0.00475894
8 86 0.0045792
8 87 0.00531978
8 88 0.00450502
8 89 0.00454979
8 90 0.00496504
8 91 0.00553454
8 92 0.0055149
8 93 0.00540366
8 94 0.00596377
8 95 0.00596184
8 96 0.00582176
8 97 0.0056216
8 98 0.00610648
8 99 0.00793855
8 100 0.00635659
8 101 0.00667896
8 102 0.00706867
8 103 0.00775951
8 104 0.00849035
8 105 0.00750346
8 106 0.00688052
8 107 0.00736179
8 108 0.00735751
8 109 0.00835114
8 110 0.00798779
8 111 0.00876284
8 112 0.00776537
8 113 0.0074403
8 114 0.00891497
8 115 0.00797984
8 116 0.00898574
8 117 0.0105096
8 118 0.0094575
8 119 0.00984091
8 120 0.00901829
8 121 0.00899839
8 122 0.00922594
8 123 0.0101508
8 124 0.0109878
8 125 0.0102574
8 126 0.0118024
8 127 0.0117504
8 128 0.0134377
8 129 0.00985091
8 130 0.0110888
8 131 0.0120118
8 132 0.0117094
8 133 0.0136948
8 134 0.0123918
8 135 0.0146956
8 136 0.0128171
8 137 0.0119302
8 138 0.0126582
8 139 0.0145594
8 140 0.0131706
8 141 0.0141609
8 142 0.0140196
8 143 0.0150313
8 144 0.0136457
8 145 0.0135232
8 146 0.0135742
8 147 0.0151142
8 148 0.0158301
8 149 0.0183474
8 150 0.0187679
8 151 0.0169477
8 152 0.0152727
8 153 0.015969
8 154 0.0165407
8 155 0.0172369
8 156 0.0189555
8 157 0.0185585
8 158 0.018681
8 159 0.0189895
8 160 0.019778
8 161 0.0185319
8 162 0.0186817
8 163 0.019779
8 164 0.0198411
8 165 0.0239893
8 166 0.0207279
8 167 0.0219661
8 168 0.0204356
8 169 0.020197
8 170 0.0218229
8 171 0.0215076
8 172 0.0233123
8 173 0.0231213
8 174 0.0241689
8 175 0.0261304
8 176 0.022873
8 177 0.0236243
8 178 0.0239769
8 179 0.0254341
8 180 0.0259781
8 181 0.0276078
8 182 0.0264005
8 183 0.0273804
8 184 0.0270583
8 185 0.0263751
8 186 0.0253416
8 187 0.0269082
8 188 0.0285128
8 189 0.0270625
8 190 0.0302392
8 191 0.0275889
8 192 0.0256971
8 193 0.0270505
8 194 0.0296385
8 195 0.0307636
8 196 0.0303662
8 197 0.0317745
8 198 0.0333559
8 199 0.0355811
8 200 0.0317077
8 201 0.0323801
8 202 0.0351834
8 203 0.0351906
8 204 0.0300955
8 205 0.0336069
8 206 0.03703
8 207 0.0340773
8 208 0.031235
8 209 0.0333566
8 210 0.0369262
8 211 0.0388878
8 212 0.0399064
8 213 0.0380369
8 214 0.0369435
8 215 0.0376675
8 216 0.0347598
8 217 0.0357246
8 218 0.0390885
8 219 0.0377521
8 220 0.0403728
8 221 0.0397988
8 222 0.0468259
8 223 0.0477137
8 224 0.0373946
8 225 0.0406682
8 226 0.0447239
8 227 0.0440378
8 228 0.0392865
8 229 0.0490735
8 230 0.045953
8 231 0.0489469
8 232 0.0409366
8 233 0.0498309
8 234 0.0432408
8 235 0.0452743
8 236 0.0536055
8 237 0.048142
8 238 0.0469104
8 239 0.0475032
8 240 0.0463545
8 241 0.0454974
8 242 0.0539999
8 243 0.0530968
8 244 0.0551672
8 245 0.0492994
8 246 0.0581585
8 247 0.0600481
8 248 0.052043
8 249 0.0506358
8 250 0.0502305
8 251 0.0579487
8 252 0.0520625
8 253 0.0631964
8 254 0.055816
8 255 0.0579252
8 256 0.0555742
8 257 0.0524063
8 258 0.057593
8 259 0.0560302
8 260 0.0585332
8 261 0.0557965
8 262 0.07434
8 263 0.0704656
8 264 0.042951
8 265 0.0448526
8 266 0.0580679
8 267 0.0533217
8 268 0.0718329
8 269 0.0566796
8 270 0.0611551
8 271 0.0692451
8 272 0.0500131
8 273 0.070754
8 274 0.0543369
8 275 0.0541001
8 276 0.0571994
8 277 0.0635772
8 278 0.0608318
8 279 0.0763721
8 280 0.0560171
8 281 0.0530691
8 282 0.051726
8 283 0.0516805
8 284 0.0537043
8 285 0.0564264
8 286 0.0569817
8 287 0.0598118
8 288 0.0543797
8 289 0.0924622
8 290 0.0655265
8 291 0.063183
8 292 0.0661427
8 293 0.0693072
8 294 0.0723489
8 295 0.07531
8 296 0.0652455
8 297 0.0653435
8 298 0.0661727
8 299 0.0698584
8 300 0.0739605
8 301 0.0724522
8 302 0.0806094
8 303 0.0776451
8 304 0.0719373
8 305 0.0881151
8 306 0.0770533
8 307 0.092128
8 308 0.0794716
8 309 0.0821083
8 310 0.0848272
8 311 0.0811652
8 312 0.0741376
8 313 0.0782497
8 314 0.0761651
8 315 0.0792262
8 316 0.102897
8 317 0.085582
8 318 0.087058
8 319 0.0898335
8 320 0.0800331
8 321 0.0795359
8 322 0.0823452
8 323 0.0860455
8 324 0.0873387
8 325 0.0874628
8 326 0.110943
8 327 0.141152
8 328 0.117417
8 329 0.0817857
8 330 0.138216
8 331 0.0837587
8 332 0.121942
8 333 0.108936
8 334 0.0958454
8 335 0.107175
8 336 0.0919215
8 337 0.140229
8 338 0.106828
8 339 0.123257
8 340 0.100424
8 341 0.0993984
8 342 0.146127
8 343 0.130427
8 344 0.140392
8 345 0.121405
8 346 0.0945213
8 347 0.0966807
8 348 0.0964566
8 349 0.124915
8 350 0.110159
8 351 0.118048
8 352 0.105946
8 353 0.123729
8 354 0.110275
8 355 0.173833
8 356 0.10798
8 357 0.124641
8 358 0.117425
8 359 0.121754
8 360 0.110979
8 361 0.110702
8 362 0.109564
8 363 0.11888
8 364 0.13609
8 365 0.167645
8 366 0.124248
8 367 0.129904
8 368 0.114866
8 369 0.152536
8 370 0.123297
8 371 0.146242
8 372 0.176646
8 373 0.14081
8 374 0.138085
8 375 0.170323
8 376 0.14591
8 377 0.15069
8 378 0.155428
8 379 0.151441
8 380 0.139048
8 381 0.159252
8 382 0.17634
8 383 0.138827
8 384 0.142305
8 385 0.141021
8 386 0.142243
8 387 0.143575
8 388 0.173968
8 389 0.177107
8 390 0.145206
8 391 0.148573
8 392 0.141179
8 393 0.141462
8 394 0.163125
8 395 0.159131
8 396 0.143578
8 397 0.150213
8 398 0.153894
8 399 0.164129
8 400 0.161671
8 401 0.143597
8 402 0.147759
8 403 0.148717
8 404 0.154112
8 405 0.15661
8 406 0.200594
8 407 0.164761
8 408 0.151022
8 409 0.153045
8 410 0.154035
8 411 0.153976
8 412 0.216221
8 413 0.16874
8 414 0.1739
8 415 0.275597
8 416 0.160107
8 417 0.159943
8 418 0.157035
8 419 0.162763
8 420 0.169551
8 421 0.169519
8 422 0.184344
8 423 0.219014
8 424 0.212545
8 425 0.222047
8 426 0.175502
8 427 0.232311
8 428 0.182786
8 429 0.193516
8 430 0.194056
8 431 0.181017
8 432 0.179294
8 433 0.181441
8 434 0.181215
8 435 0.221265
8 436 0.254535
8 437 0.18637
8 438 0.188339
8 439 0.192939
8 440 0.190035
8 441 0.18921
8 442 0.190278
8 443 0.190895
8 444 0.250042
8 445 0.192978
8 446 0.275563
8 447 0.223326
8 448 0.199615
8 449 0.199113
8 450 0.202768
8 451 0.204303
8 452 0.205073
8 453 0.204691
8 454 0.209255
8 455 0.212632
8 456 0.212226
8 457 0.213756
8 458 0.238706
8 459 0.232375
8 460 0.26405
8 461 0.277651
8 462 0.327728
8 463 0.247715
8 464 0.312626
8 465 0.298951
8 466 0.288139
8 467 0.289252
8 468 0.321466
8 469 0.360826
8 470 0.328632
8 471 0.352466
8 472 0.254239
8 473 0.25798
8 474 0.28246
8 475 0.25162
8 476 0.27527
8 477 0.286431
8 478 0.298931
8 479 0.349454
8 480 0.263248
8 481 0.295938
8 482 0.3016
8 483 0.299455
8 484 0.338946
8 485 0.329123
8 486 0.286095
8 487 0.370774
8 488 0.364001
8 489 0.32648
8 490 0.358985
8 491 0.303854
8 492 0.345985
8 493 0.327679
8 494 0.344723
8 495 0.339336
8 496 0.393754
8 497 0.297923
8 498 0.277768
8 499 0.294621
