2 1 0.00104126
2 2 0.000871149
2 3 0.00212158
2 4 0.000818059
2 5 0.00077414
2 6 0.000853379
2 7 0.00137858
2 8 0.000855359
2 9 0.00149643
2 10 0.00149189
2 11 0.000928189
2 12 0.00097634
2 13 0.00143796
2 14 0.00103303
2 15 0.0009867
2 16 0.000885209
2 17 0.00099214
2 18 0.00103586
2 19 0.00166343
2 20 0.00096488
2 21 0.00103594
2 22 0.00103132
2 23 0.00162806
2 24 0.0010948
2 25 0.00130515
2 26 0.00107206
2 27 0.00105837
2 28 0.00132737
2 29 0.00106471
2 30 0.00106144
2 31 0.00138321
2 32 0.00134762
2 33 0.0016989
2 34 0.00113572
2 35 0.00147852
2 36 0.00124387
2 37 0.00129159
2 38 0.00131041
2 39 0.00131668
2 40 0.00167633
2 41 0.00144242
2 42 0.0015145
2 43 0.00190426
2 44 0.00163981
2 45 0.00192092
2 46 0.00200175
2 47 0.0020771
2 48 0.00327654
2 49 0.00202593
2 50 0.00233901
2 51 0.0020234
2 52 0.0023631
2 53 0.00252865
2 54 0.00224581
2 55 0.00261348
2 56 0.00250696
2 57 0.00253975
2 58 0.00258379
2 59 0.00352463
2 60 0.00373826
2 61 0.00301544
2 62 0.00327163
2 63 0.00367979
2 64 0.00326566
2 65 0.00397608
2 66 0.00362432
2 67 0.00440723
2 68 0.00380502
2 69 0.00440598
2 70 0.00397658
2 71 0.00465611
2 72 0.00423262
2 73 0.00438333
2 74 0.00491306
2 75 0.00485937
2 76 0.0048076
2 77 0.00535145
2 78 0.0056748
2 79 0.00507022
2 80 0.00503245
2 81 0.00800192
2 82 0.00599799
2 83 0.00598361
2 84 0.0063002
2 85 0.00653119
2 86 0.00622227
2 87 0.00688316
2 88 0.00731268
2 89 0.00705569
2 90 0.00769881
2 91 0.00752434
2 92 0.00781552
2 93 0.00776576
2 94 0.00795535
2 95 0.00890179
2 96 0.00826472
2 97 0.00962148
2 98 0.00888783
2 99 0.00983507
2 100 0.00961204
2 101 0.0106137
2 102 0.0103555
2 103 0.0110846
2 104 0.0106686
2 105 0.0114189
2 106 0.0108355
2 107 0.0108881
2 108 0.0122295
2 109 0.0117581
2 110 0.01172
2 111 0.0123933
2 112 0.0124401
2 113 0.0135711
2 114 0.0134099
2 115 0.0135157
2 116 0.0138422
2 117 0.0141983
2 118 0.0159125
2 119 0.0151028
2 120 0.0160043
2 121 0.015719
2 122 0.0169463
2 123 0.0161775
2 124 0.0173867
2 125 0.0168019
2 126 0.0175559
2 127 0.017405
2 128 0.0178649
2 129 0.0191115
2 130 0.0188858
2 131 0.0193943
2 132 0.0213
2 133 0.0199677
2 134 0.0221663
2 135 0.0223836
2 136 0.0217349
2 137 0.023434
2 138 0.0222119
2 139 0.0244174
2 140 0.0240161
2 141 0.0237817
2 142 0.0237209
2 143 0.024531
2 144 0.0250572
2 145 0.0259384
2 146 0.0269526
2 147 0.0293413
2 148 0.0271091
2 149 0.0300727
2 150 0.0310234
2 151 0.0308854
2 152 0.0315287
2 153 0.0354176
2 154 0.0316017
2 155 0.0308467
2 156 0.0314529
2 157 0.032891
2 158 0.0323562
2 159 0.0329319
2 160 0.0335727
2 161 0.0351532
2 162 0.0351059
2 163 0.0358564
2 164 0.0369498
2 165 0.0402212
2 166 0.0382544
2 167 0.0382305
2 168 0.0397345
2 169 0.0396741
2 170 0.0435632
2 171 0.0422878
2 172 0.0423406
2 173 0.0424652
2 174 0.0433161
2 175 0.0442864
2 176 0.0494073
2 177 0.0453695
2 178 0.0497863
2 179 0.0506592
2 180 0.0476546
2 181 0.0496745
2 182 0.0491618
2 183 0.0511385
2 184 0.0550121
2 185 0.0520669
2 186 0.0547157
2 187 0.053148
2 188 0.0559792
2 189 0.0605289
2 190 0.0564612
2 191 0.0610821
2 192 0.0581659
2 193 0.0582344
2 194 0.060361
2 195 0.060258
2 196 0.0611433
2 197 0.0672807
2 198 0.0627299
2 199 0.0649614
2 200 0.0643906
2 201 0.065394
2 202 0.0728969
2 203 0.0676142
2 204 0.0705762
2 205 0.0757076
2 206 0.0719593
2 207 0.0735083
2 208 0.0788849
2 209 0.0763148
2 210 0.0807891
2 211 0.0757759
2 212 0.0773679
2 213 0.0847447
2 214 0.0790803
2 215 0.0833723
2 216 0.0828955
2 217 0.0821649
2 218 0.0856038
2 219 0.0918827
2 220 0.0851392
2 221 0.0885306
2 222 0.0877147
2 223 0.150093
2 224 0.0978888
2 225 0.0918778
2 226 0.0936707
2 227 0.0965117
2 228 0.102607
2 229 0.105311
2 230 0.0985795
2 231 0.107881
2 232 0.109121
2 233 0.101758
2 234 0.111673
2 235 0.109446
2 236 0.116826
2 237 0.116286
2 238 0.117659
2 239 0.121016
2 240 0.118744
2 241 0.12169
2 242 0.116483
2 243 0.121299
2 244 0.126534
2 245 0.125525
2 246 0.124845
2 247 0.121756
2 248 0.130779
2 249 0.124691
2 250 0.132253
2 251 0.126061
2 252 0.128093
2 253 0.132204
2 254 0.133461
2 255 0.133532
2 256 0.136493
2 257 0.140236
2 258 0.141355
2 259 0.14025
2 260 0.143215
2 261 0.148121
2 262 0.148923
2 263 0.145987
2 264 0.158602
2 265 0.151306
2 266 0.152551
2 267 0.157571
2 268 0.156027
2 269 0.158624
2 270 0.158694
2 271 0.1595
2 272 0.162508
2 273 0.162596
2 274 0.167489
2 275 0.175466
2 276 0.171234
2 277 0.185585
2 278 0.178554
2 279 0.189811
2 280 0.1842
2 281 0.190712
2 282 0.186976
2 283 0.190126
2 284 0.200273
2 285 0.195992
2 286 0.202651
2 287 0.196105
2 288 0.205664
2 289 0.207942
2 290 0.214208
2 291 0.208377
2 292 0.215253
2 293 0.210421
2 294 0.215234
2 295 0.21683
2 296 0.205705
2 297 0.224156
2 298 0.209106
2 299 0.228111
2 300 0.23302
2 301 0.233794
2 302 0.225399
2 303 0.21943
2 304 0.227856
2 305 0.227919
2 306 0.229605
2 307 0.232323
2 308 0.231474
2 309 0.237905
2 310 0.23818
2 311 0.25444
2 312 0.245605
2 313 0.247818
2 314 0.250914
2 315 0.266696
2 316 0.256125
2 317 0.269722
2 318 0.263633
2 319 0.259229
2 320 0.275604
2 321 0.264741
2 322 0.28829
2 323 0.270955
2 324 0.290469
2 325 0.294962
2 326 0.286249
2 327 0.300066
2 328 0.288711
2 329 0.296717
2 330 0.307066
2 331 0.286604
2 332 0.296049
2 333 0.293827
2 334 0.300244
2 335 0.321423
2 336 0.304251
2 337 0.307524
2 338 0.31346
2 339 0.310751
2 340 0.312148
2 341 0.314973
2 342 0.332341
2 343 0.331527
2 344 0.339424
2 345 0.331351
2 346 0.329721
2 347 0.337319
2 348 0.339949
2 349 0.349619
2 350 0.363336
2 351 0.36722
2 352 0.370408
2 353 0.365073
2 354 0.373131
2 355 0.37559
2 356 0.383006
2 357 0.381397
2 358 0.383231
2 359 0.377862
2 360 0.374426
2 361 0.402573
2 362 0.382712
2 363 0.375594
2 364 0.406904
2 365 0.380793
2 366 0.390754
2 367 0.395885
2 368 0.400674
2 369 0.395649
2 370 0.404848
2 371 0.40254
2 372 0.422234
2 373 0.414893
2 374 0.412534
2 375 0.421477
2 376 0.428751
2 377 0.428004
2 378 0.425745
2 379 0.457062
2 380 0.450986
2 381 0.44175
2 382 0.449161
2 383 0.474236
2 384 0.477908
2 385 0.459053
2 386 0.468027
2 387 0.456661
2 388 0.4793
2 389 0.46351
2 390 0.468523
2 391 0.474887
2 392 0.475426
2 393 0.502068
2 394 0.50664
2 395 0.51994
2 396 0.522377
2 397 0.516552
2 398 0.544804
2 399 0.54819
2 400 0.537388
2 401 0.553355
2 402 0.556155
2 403 0.569322
2 404 0.569881
2 405 0.531067
2 406 0.577977
2 407 0.554478
2 408 0.578696
2 409 0.547859
2 410 0.558423
2 411 0.608274
2 412 0.567136
2 413 0.6097
2 414 0.607051
2 415 0.606766
2 416 0.613108
2 417 0.58171
2 418 0.583097
2 419 0.62217
2 420 0.607396
2 421 0.59631
2 422 0.650987
2 423 0.614338
2 424 0.609757
2 425 0.656881
2 426 0.630355
2 427 0.635308
2 428 0.670122
2 429 0.706287
2 430 0.665292
2 431 0.686288
2 432 0.689198
2 433 0.680409
2 434 0.653501
2 435 0.659998
2 436 0.669503
2 437 0.725814
2 438 0.672728
2 439 0.701095
2 440 0.729363
2 441 0.740946
2 442 0.710307
2 443 0.768568
2 444 0.722054
2 445 0.734081
2 446 0.725112
2 447 0.720226
2 448 0.740085
2 449 0.721633
2 450 0.747736
2 451 0.753139
2 452 0.732288
2 453 0.754265
2 454 0.757207
2 455 0.802104
2 456 0.805569
2 457 0.817634
2 458 0.804726
2 459 0.796381
2 460 0.781091
2 461 0.811409
2 462 0.868672
2 463 0.82629
2 464 0.812738
2 465 0.817932
2 466 0.826399
2 467 0.815648
2 468 0.821295
2 469 0.839258
2 470 0.819235
2 471 0.835213
2 472 0.835704
2 473 0.851484
2 474 0.851582
2 475 0.908362
2 476 0.874616
2 477 0.876244
2 478 0.893126
2 479 0.926555
2 480 0.926532
2 481 0.95239
2 482 0.930507
2 483 0.894023
2 484 0.919696
2 485 0.925813
2 486 0.902675
2 487 0.942062
2 488 0.958072
2 489 0.996935
2 490 0.956736
2 491 1.01632
2 492 0.986695
2 493 0.969202
2 494 1.02341
2 495 0.995962
2 496 0.982396
2 497 1.01488
2 498 1.03523
2 499 1.03855
